0	128
0.011	126
0.021	124
0.032	123
0.043	122
0.054	125
0.064	127
0.075	128
0.086	129
0.096	131
0.107	132
0.118	132
0.128	131
0.139	130
0.15	129
0.161	127
0.171	125
0.182	123
0.193	119
0.203	116
0.214	113
0.225	110
0.236	106
0.246	104
0.257	102
0.268	102
0.278	100
0.289	98
0.3	96
0.31	95
0.321	94
0.332	92
0.343	92
0.353	92
0.364	92
0.375	93
0.385	95
0.396	98
0.407	99
0.418	98
0.428	98
0.439	98
0.45	97
0.46	98
0.471	98
0.482	100
0.492	101
0.503	104
0.514	107
0.525	110
0.535	114
0.546	118
0.557	122
0.567	125
0.578	127
0.589	129
0.6	129
0.61	129
0.621	128
0.632	128
0.642	125
0.653	121
0.664	119
0.674	117
0.685	114
0.696	113
0.707	112
0.717	110
0.728	107
0.739	104
0.749	102
0.76	101
0.771	100
0.782	100
0.792	101
0.803	101
0.814	101
0.824	100
0.835	99
0.846	98
0.856	97
0.867	96
0.878	95
0.889	93
0.899	89
0.91	84
0.921	82
0.931	80
0.942	79
0.953	79
0.964	79
0.974	78
0.985	78
0.996	77
1.006	77
1.017	78
1.028	78
1.038	77
1.049	76
1.06	75
1.071	75
1.081	74
1.092	73
1.103	71
1.113	69
1.124	68
1.135	67
1.146	66
1.156	65
1.167	64
1.178	62
1.188	61
1.199	59
1.21	58
1.22	58
1.231	58
1.242	58
1.253	57
1.263	56
1.274	56
1.285	56
1.295	56
1.306	57
1.317	58
1.328	59
1.338	59
1.349	60
1.36	61
1.37	63
1.381	64
1.392	67
1.402	69
1.413	69
1.424	70
1.435	70
1.445	71
1.456	71
1.467	72
1.477	73
1.488	72
1.499	72
1.51	72
1.52	72
1.531	72
1.542	73
1.552	74
1.563	76
1.574	78
1.584	80
1.595	83
1.606	86
1.617	89
1.627	92
1.638	94
1.649	97
1.659	100
1.67	105
1.681	109
1.692	113
1.702	119
1.713	124
1.724	130
1.734	136
1.745	141
1.756	147
1.766	154
1.777	161
1.788	163
1.799	164
1.809	164
1.82	164
1.831	163
1.841	162
1.852	160
1.863	159
1.874	157
1.884	156
1.895	155
1.906	154
1.916	154
1.927	155
1.938	157
1.948	158
1.959	160
1.97	161
1.981	161
1.991	163
2.002	167
2.013	170
2.023	174
2.034	177
2.045	179
2.056	182
2.066	187
2.077	191
2.088	194
2.098	197
2.109	200
2.12	204
2.13	209
2.141	213
2.152	216
2.163	221
2.173	226
2.184	231
2.195	237
2.205	241
2.216	246
2.227	251
2.238	256
2.248	259
2.259	263
2.27	268
2.28	271
2.291	274
2.302	278
2.312	281
2.323	283
2.334	284
2.345	289
2.355	292
2.366	296
2.377	301
2.387	304
2.398	307
2.409	309
2.42	310
2.43	311
2.441	312
2.452	316
2.462	319
2.473	321
2.484	321
2.494	323
2.505	324
2.516	325
2.527	327
2.537	331
2.548	336
2.559	338
2.569	341
2.58	345
2.591	349
2.602	354
2.612	359
2.623	367
2.634	374
2.644	376
2.655	379
2.666	384
2.676	388
2.687	390
2.698	391
2.709	390
2.719	389
2.73	388