0	384
0.15	361
0.3	309
0.45	265
0.6	241
0.75	191
0.9	182
1.051	166
1.201	190
1.351	169
1.501	150
1.651	140
1.801	112
1.951	83
2.101	100
2.251	107
2.401	104
2.551	111
2.701	134
2.852	188
3.002	246
3.152	191
3.302	167
3.452	195
3.602	133
3.752	109
3.902	99
4.052	93
4.202	86
4.352	80
4.502	76
4.653	75
4.803	75
4.953	71
5.103	68
5.253	63
5.403	61
5.553	58
5.703	58
5.853	53
6.003	49
6.153	46
6.303	43
6.454	39
6.604	40
6.754	37
6.904	34
7.054	35
7.204	36
7.354	36
7.504	34
7.654	34
7.804	31
7.954	26
8.104	20
8.255	20
8.405	26
8.555	33
8.705	39
8.855	23
9.005	13
9.155	13
9.305	14
9.455	19
9.605	22
9.755	21
9.905	24
10.056	30
10.206	34
10.356	35
10.506	35
10.656	27
10.806	24
10.956	24
11.106	21
11.256	24
11.406	27
11.556	24
11.706	30
11.857	31
12.007	32
12.157	28
12.307	31
12.457	28
12.607	20
12.757	24
12.907	31
13.057	33
13.207	35
13.357	35
13.507	37
13.657	39
13.808	38
13.958	34
14.108	32
14.258	37
14.408	39
14.558	43
14.708	50
14.858	50
15.008	46
15.158	44
15.308	44
15.458	43
15.609	40
15.759	35
15.909	29
16.059	19
16.209	11
16.359	15
16.509	24
16.659	33
16.809	32
16.959	26
17.109	22
17.259	32
17.41	36
17.56	41
17.71	43
17.86	40
18.01	34
18.16	39
18.31	40
18.46	39
18.61	41
18.76	42
18.91	42
19.06	40
19.211	37
19.361	34
19.511	33
19.661	36
19.811	28
19.961	34
20.111	35
20.261	30
20.411	33
20.561	31
20.711	31
20.861	40
21.012	46
21.162	44
21.312	39
21.462	41
21.612	41
21.762	34
21.912	36
22.062	45
22.212	48
22.362	53
22.512	52
22.662	56
22.813	55
22.963	50
23.113	44
23.263	46
23.413	48
23.563	51
23.713	57
23.863	63
24.013	65
24.163	68
24.313	72
24.463	74
24.614	81
24.764	78
24.914	76
25.064	74
25.214	82
25.364	89
25.514	88
25.664	78
25.814	70
25.964	61
26.114	68
26.264	75
26.414	84
26.565	92
26.715	91
26.865	97
27.015	97
27.165	66
27.315	60
27.465	41
27.615	16
27.765	9
27.915	7
28.065	6
28.215	7
28.366	9
28.516	5
28.666	7
28.816	7
28.966	6
29.116	5
29.266	6
29.416	6
29.566	4
29.716	0
29.866	0
30.016	0
30.167	0
30.317	0
30.467	0
30.617	0
30.767	0
30.917	0
31.067	0
31.217	0
31.367	0
31.517	0
31.667	0
31.817	0
31.968	0
32.118	0
32.268	0
32.418	0
32.568	0
32.718	0
32.868	0
33.018	0
33.168	0
33.318	0
33.468	0
33.618	0
33.769	0
33.919	0
34.069	0
34.219	0
34.369	0
34.519	0
34.669	0
34.819	0
34.969	0
35.119	0
35.269	0
35.419	0
35.57	0
35.72	0
35.87	0
36.02	0
36.17	0
36.32	0
36.47	0
36.62	4
36.77	16
36.92	28
37.07	31
37.22	22
37.371	18
37.521	18
37.671	17
37.821	22
37.971	24
38.121	16
38.271	20